DATOS= 3,4,6,5,7,1 ORDENAR
LISTA1= 1,4,3,5,7,5 ORDENAR, BUSCAR 5
La= 3,4,5,3,1,2 BUSCAR 7
LISTA2= 12,54,26,98,57,48,26,35,15,16,78,98,45,65 ORDENAR
LISTA3=	1,4,3,2,6,7,9,2,8,54,67,98,19,35,67,15,48 BUSCAR 7
LISTA4= 9,5,1,3,7,6,4,8,95,57,51,35 ORDENAR, BUSCAR 8
LISTA5= 19,57,48,68,35,21,68,45,7,98,65,21,87,45,63 ORDENAR
LISTA6= 45,78,65,32,15,951,735,468,642,1,3,7,8,9,6,2 ORDENAR, BUSCAR 2
LISTA7= 45,78,65,32,15,68,45,7,98,65,21,87,6,7,9,2,8 ORDENAR
LISTA8=	65,78,684,795,351,462,1,5,6,7,8,9,4,32,4,8 ORDENAR, BUSCAR 7
LISTA9= 87,6,7,9,2,8,2,6,7,9,2,8,54,45,78,65,32 ORDENAR